17	1	0	0	0	0	0.6103515625	1096
17	0	0	1	1	29.0218919331	0.6103515625	622
17	4	0	2	1	8.5765281907	0.6103515625	731
17	3	0	3	1	-102.6839941446	0.6103515625	888
17	2	0	4	1	5.1527283258	0.6103515625	689
17	7	0	5	1	73.6044839398	0.6103515625	535
17	6	0	6	1	42.2747600619	0.6103515625	646
17	5	0	7	1	79.0125899289	0.6103515625	534
17	11	0	8	1	50.8293945583	0.6103515625	631
17	10	0	9	1	-56.4080249467	0.6103515625	788
17	9	0	10	1	52.2981062917	0.6103515625	606
17	8	0	11	1	-9.7513579233	0.6103515625	530
17	14	0	12	1	-22.5926899064	0.6103515625	771
17	13	0	13	1	45.2480557795	0.6103515625	594
17	12	0	14	1	-6.8354531664	0.6103515625	671
17	18	0	15	1	19.4020942654	0.6103515625	863
17	17	0	16	1	-4.9551712898	0.6103515625	593
17	16	0	17	1	-70.2828545017	0.6103515625	674
17	15	0	18	1	23.0304710107	0.6103515625	620
17	21	0	19	1	-68.0457585239	0.6103515625	740
17	20	0	20	1	-45.4408017186	0.6103515625	693
17	19	0	21	1	-74.5677307987	0.6103515625	647
17	25	0	22	1	7.9297033413	0.6103515625	642
17	24	0	23	1	18.6458318049	0.6103515625	792
17	23	0	24	1	-87.1149415234	0.6103515625	764
17	22	0	25	1	-193.627568041	0.6103515625	858
17	28	0	26	1	-29.1777362355	0.6103515625	683
17	27	0	27	1	-61.2612868242	0.6103515625	667
17	26	0	28	1	-166.689233552	0.6103515625	861
17	32	0	29	1	-6.8938134584	0.6103515625	498
17	31	0	30	1	37.2363408762	0.6103515625	471
17	30	0	31	1	-161.8111561203	0.6103515625	751
17	29	0	32	1	-44.2589621174	0.6103515625	609
17	35	0	33	1	-23.8863692855	0.6103515625	467
17	34	0	34	1	-56.9037230467	0.6103515625	536
17	33	0	35	1	43.6656275115	0.6103515625	332
17	39	0	36	1	79.3383765368	0.6103515625	365
17	38	0	37	1	-53.8446767252	0.6103515625	33000
17	37	0	38	1	-53.0228003364	0.6103515625	510
17	36	0	39	1	-30.544370284	0.6103515625	499
17	42	0	40	1	-62.9537772336	0.6103515625	561
17	41	0	41	1	-216.8838690767	0.6103515625	810
17	40	0	42	1	-17.4813541261	0.6103515625	418
17	46	0	43	1	-21.6492419003	0.6103515625	468
17	45	0	44	1	12.311590186	0.6103515625	424
17	44	0	45	1	-122.6612088472	0.6103515625	615
17	43	0	46	1	10.3419355776	0.6103515625	404
17	49	0	47	1	-69.1059126454	0.6103515625	545
17	48	0	48	1	-28.0251518197	0.6103515625	471
17	47	0	49	1	119.5147744998	0.6103515625	175
17	62	0	50	1	-142.5866027724	0.6103515625	653
17	52	0	51	1	-51.2039380184	0.6103515625	522
17	51	0	52	1	15.0253147363	0.6103515625	391
17	50	0	53	1	-110.9838755648	0.6103515625	587
17	59	0	54	1	30.8069744691	0.6103515625	409
17	56	0	55	1	-4.6761185103	0.6103515625	470
17	53	0	56	1	-0.4504934508	0.6103515625	339
17	63	0	57	1	9.0580328591	0.6103515625	33000
17	60	0	58	1	-70.418980648	0.6103515625	33000
17	57	0	59	1	17.8460886918	0.6103515625	393
17	54	0	60	1	-83.2483313886	0.6103515625	569
17	61	0	61	1	-413.7147777786	0.6103515625	794
17	58	0	62	0	0	0.6103515625	994
17	55	0	63	1	0	0.6103515625	33000
22	1	0	64	1	-154.4741358845	0.6103515625	1014
22	0	0	65	1	-156.228516553	0.6103515625	699
22	4	0	66	1	-64.4323826306	0.6103515625	483
22	3	0	67	1	128.4970269798	0.6103515625	230
22	2	0	68	1	108.5160258992	0.6103515625	141
22	7	0	69	1	-38.2448765521	0.6103515625	0.5
22	6	0	70	1	-17.7232780042	0.6103515625	401
22	5	0	71	1	68.647260249	0.6103515625	220
22	11	0	72	1	-68.8335627047	0.6103515625	518
22	10	0	73	1	-0.6564157219	0.6103515625	304
22	9	0	74	1	-77.1460979198	0.6103515625	0.5
22	8	0	75	1	-35.8746055522	0.6103515625	467
22	14	0	76	1	-46.6745872669	0.6103515625	395
22	13	0	77	1	-1.9001479895	0.6103515625	0.5
22	12	0	78	1	-18.7596449223	0.6103515625	346
22	18	0	79	1	15.8575974382	0.6103515625	0.5
22	17	0	80	1	-51.7878312353	0.6103515625	426
22	16	0	81	1	-45.4308950068	0.6103515625	378
22	15	0	82	1	-66.4361949775	0.6103515625	419
22	21	0	83	1	123.8551546178	0.6103515625	99
22	20	0	84	1	-119.4328688477	0.6103515625	0.5
22	19	0	85	1	38.7976280261	0.6103515625	0.5
22	25	0	86	1	-43.2197732855	0.6103515625	432
22	24	0	87	1	-33.0626076096	0.6103515625	0.5
22	23	0	88	1	-24.0801059134	0.6103515625	316
22	22	0	89	1	-52.7551373881	0.6103515625	0.5
22	28	0	90	1	-131.4554978531	0.6103515625	0.5
22	27	0	91	1	-61.9449309087	0.6103515625	0.5
22	26	0	92	1	-53.7915856382	0.6103515625	407
22	32	0	93	1	-48.9547774758	0.6103515625	325
22	31	0	94	1	-111.0726470245	0.6103515625	0.5
22	30	0	95	1	-81.9136819118	0.6103515625	0.5
22	29	0	96	1	-154.6030920134	0.6103515625	592
22	35	0	97	1	-78.8423364394	0.6103515625	514
22	34	0	98	1	76.9388567041	0.6103515625	211
22	33	0	99	1	37.3676375218	0.6103515625	326
22	39	0	100	1	-133.2485999524	0.6103515625	610
22	38	0	101	1	27.5193420994	0.6103515625	344
22	37	0	102	1	-45.1733348497	0.6103515625	480
22	36	0	103	1	41.3542429065	0.6103515625	0.5
22	42	0	104	1	-43.2888749565	0.6103515625	374
22	41	0	105	1	35.2736974052	0.6103515625	233
22	40	0	106	1	-174.9280260293	0.6103515625	705
22	46	0	107	1	16.4795146203	0.6103515625	311
22	45	0	108	1	-51.234991436	0.6103515625	0.5
22	44	0	109	1	29.5386733372	0.6103515625	0.5
22	43	0	110	1	-2.2456313589	0.6103515625	343
22	49	0	111	1	-45.4310183291	0.6103515625	440
22	48	0	112	1	-72.7239608035	0.6103515625	447
22	47	0	113	1	-44.9472115805	0.6103515625	409
22	62	0	114	1	7.1514781866	0.6103515625	0.5
22	52	0	115	1	-16.5486153219	0.6103515625	341
22	51	0	116	1	-73.1133034926	0.6103515625	508
22	50	0	117	1	-100.3821545696	0.6103515625	540
22	59	0	118	1	-34.3474910711	0.6103515625	474
22	56	0	119	1	-129.4550175001	0.6103515625	668
22	53	0	120	1	-163.9663621154	0.6103515625	529
22	63	0	121	1	-145.7584686558	0.6103515625	0.5
22	60	0	122	1	-134.8288617615	0.6103515625	612
22	57	0	123	1	-33.1316429008	0.6103515625	495
22	54	0	124	1	83.8078876049	0.6103515625	303
22	61	0	125	1	-34.4137246935	0.6103515625	996
22	58	0	126	0	0	0.6103515625	2404
22	55	0	127	1	0	0.6103515625	9159
20	55	0	128	1	-75.9715640076	0.6103515625	352
20	58	0	129	1	20.3488553262	0.6103515625	218
20	61	0	130	1	-8.1188236855	0.6103515625	278
20	54	0	131	1	-152.7374790804	0.6103515625	497
20	57	0	132	1	39.9031562672	0.6103515625	197
20	60	0	133	1	95.5945515124	0.6103515625	91
20	63	0	134	1	-138.1580100875	0.6103515625	476
20	53	0	135	1	-189.4965755718	0.6103515625	543
20	56	0	136	1	80.0479076774	0.6103515625	84
20	59	0	137	1	-150.0430017547	0.6103515625	480
20	50	0	138	1	-54.7589016714	0.6103515625	308
20	51	0	139	1	37.0011297912	0.6103515625	168
20	52	0	140	1	94.4893168185	0.6103515625	86
20	62	0	141	1	59.0428180958	0.6103515625	159
20	47	0	142	1	76.3170923375	0.6103515625	111
20	48	0	143	1	0	0.6103515625	3270
20	49	0	144	1	43.841663207	0.6103515625	161
20	43	0	145	1	169.655694985	0.6103515625	0.5
20	44	0	146	1	-58.3519128439	0.6103515625	335
20	45	0	147	1	15.3739852276	0.6103515625	219
20	46	0	148	1	-5.0094891712	0.6103515625	245
20	40	0	149	1	118.1893423923	0.6103515625	28
20	41	0	150	1	-28.2949481536	0.6103515625	271
20	42	0	151	1	-78.4589935486	0.6103515625	350
20	36	0	152	1	-62.5667972212	0.6103515625	325
20	37	0	153	1	-74.5895797811	0.6103515625	343
20	38	0	154	1	119.226186976	0.6103515625	32
20	39	0	155	1	-13.0937797904	0.6103515625	255
20	33	0	156	1	-75.6952702202	0.6103515625	370
20	34	0	157	1	76.1787528266	0.6103515625	113
20	35	0	158	1	63.7414398858	0.6103515625	122
20	29	0	159	1	-71.8948001839	0.6103515625	397
20	30	0	160	1	-16.1340434731	0.6103515625	261
20	31	0	161	1	-74.8659438334	0.6103515625	359
20	32	0	162	1	-102.2280565483	0.6103515625	455
20	26	0	163	1	-48.8857591552	0.6103515625	318
20	27	0	164	1	62.3595228066	0.6103515625	141
20	28	0	165	1	-19.9343423229	0.6103515625	265
20	22	0	166	1	-103.9553574977	0.6103515625	399
20	23	0	167	1	104.2318169023	0.6103515625	55
20	24	0	168	1	166.8334989179	0.6103515625	0.5
20	25	0	169	1	54.9661610386	0.6103515625	138
20	19	0	170	1	-30.1605690277	0.6103515625	275
20	20	0	171	1	-142.5114599482	0.6103515625	458
20	21	0	172	1	-40.0413744936	0.6103515625	273
20	15	0	173	1	155.8473104424	0.6103515625	17
20	16	0	174	1	0	0.6103515625	3159
20	17	0	175	1	-94.1441478688	0.6103515625	402
20	18	0	176	1	-43.7034955992	0.6103515625	319
20	12	0	177	1	-78.8735103515	0.6103515625	358
20	13	0	178	1	-43.7034877747	0.6103515625	354
20	14	0	179	1	116.9457535919	0.6103515625	111
20	8	0	180	1	-29.6078472501	0.6103515625	325
20	9	0	181	1	48.6093469042	0.6103515625	227
20	10	0	182	1	92.4855437891	0.6103515625	151
20	11	0	183	1	-18.4832739214	0.6103515625	347
20	5	0	184	1	101.0535587979	0.6103515625	155
20	6	0	185	1	67.8462729391	0.6103515625	282
20	7	0	186	1	54.569313277	0.6103515625	310
20	2	0	187	1	-49.5075564715	0.6103515625	490
20	3	0	188	1	-135.5732460256	0.6103515625	711
20	4	0	189	1	93.1502833511	0.6103515625	383
20	0	0	190	1	0	0.6103515625	3468
20	1	0	191	0	0	0.6103515625	1481
23	1	0	192	1	-838.548457598	0.6103515625	1535
23	0	0	193	1	0	0.6103515625	3636
23	4	0	194	1	-114.5004642462	0.6103515625	737
23	3	0	195	1	-87.7231227734	0.6103515625	633
23	2	0	196	1	-159.6468957946	0.6103515625	662
23	7	0	197	1	101.5056574865	0.6103515625	238
23	6	0	198	1	-110.3130537864	0.6103515625	559
23	5	0	199	1	-182.7254564968	0.6103515625	623
23	11	0	200	1	-139.2635792458	0.6103515625	553
23	10	0	201	1	-93.5215620777	0.6103515625	432
23	9	0	202	1	-92.4163055775	0.6103515625	440
23	8	0	203	1	-154.7412180606	0.6103515625	536
23	14	0	204	1	-94.8347815503	0.6103515625	416
23	13	0	205	1	-55.3807510545	0.6103515625	361
23	12	0	206	1	-127.7942111537	0.6103515625	430
23	18	0	207	1	-261.9788108023	0.6103515625	661
23	17	0	208	1	86.7501489849	0.6103515625	80
23	16	0	209	1	-160.7524080029	0.6103515625	482
23	15	0	210	1	-182.1036916814	0.6103515625	546
23	21	0	211	1	6.1150290529	0.6103515625	191
23	20	0	212	1	53.5151232501	0.6103515625	128
23	19	0	213	1	-88.7540274123	0.6103515625	376
23	25	0	214	1	121.9901766716	0.6103515625	0.5
23	24	0	215	1	-155.7774939975	0.6103515625	470
23	23	0	216	1	28.640495149	0.6103515625	167
23	22	0	217	1	69.4763878147	0.6103515625	104
23	28	0	218	1	-17.3086326458	0.6103515625	247
23	27	0	219	1	18.9669619731	0.6103515625	180
23	26	0	220	1	43.2888625702	0.6103515625	152
23	32	0	221	1	17.1704819579	0.6103515625	203
23	31	0	222	1	-150.8721617626	0.6103515625	455
23	30	0	223	1	-64.8469902121	0.6103515625	314
23	29	0	224	1	19.8652147847	0.6103515625	186
23	35	0	225	1	-232.5435841128	0.6103515625	593
23	34	0	226	1	-123.4403845919	0.6103515625	408
23	33	0	227	1	-87.4417690765	0.6103515625	360
23	39	0	228	1	-91.7254879198	0.6103515625	364
23	38	0	229	1	-50.1294852287	0.6103515625	294
23	37	0	230	1	-179.9619791713	0.6103515625	497
23	36	0	231	1	-65.5378852816	0.6103515625	311
23	42	0	232	1	-1.2091884765	0.6103515625	233
23	41	0	233	1	3.7657582769	0.6103515625	234
23	40	0	234	1	-160.6148492986	0.6103515625	504
23	46	0	235	1	-30.4369406164	0.6103515625	279
23	45	0	236	1	-283.2602984518	0.6103515625	695
23	44	0	237	1	64.2251390616	0.6103515625	115
23	43	0	238	1	-158.4725173612	0.6103515625	469
23	49	0	239	1	77.6295816468	0.6103515625	98
23	48	0	240	1	0	0.6103515625	4044
23	47	0	241	1	-98.151365834	0.6103515625	371
23	62	0	242	1	-68.5782619369	0.6103515625	373
23	52	0	243	1	84.6087104397	0.6103515625	82
23	51	0	244	1	90.688715907	0.6103515625	49
23	50	0	245	1	20.1416366888	0.6103515625	180
23	59	0	246	1	79.9099457722	0.6103515625	122
23	56	0	247	1	45.7073084011	0.6103515625	155
23	53	0	248	1	33.5463240152	0.6103515625	158
23	63	0	249	1	54.7588881054	0.6103515625	167
23	60	0	250	1	61.8758434936	0.6103515625	138
23	57	0	251	1	-48.5402289034	0.6103515625	313
23	54	0	252	1	-159.647306895	0.6103515625	497
23	61	0	253	1	-7.0132793781	0.6103515625	350
23	58	0	254	1	-56.4171947506	0.6103515625	494
23	55	0	255	1	0	0.6103515625	3422
18	55	1	0	1	0	0.6103515625	7488
18	58	1	1	0	0	0.6103515625	2018
18	61	1	2	1	-1.1416058608	0.6103515625	1020
18	54	1	3	1	-63.6309856863	0.6103515625	740
18	57	1	4	1	36.2247349324	0.6103515625	578
18	60	1	5	1	-92.3562677173	0.6103515625	787
18	63	1	6	1	76.4847263904	0.6103515625	499
18	53	1	7	1	17.9052395002	0.6103515625	680
18	56	1	8	1	-1072.7171180286	0.6103515625	1091
18	59	1	9	1	59.6214641505	0.6103515625	692
18	50	1	10	1	104.5775168857	0.6103515625	423
18	51	1	11	1	-336.6294880421	0.6103515625	652
18	52	1	12	1	-66.1003710877	0.6103515625	688
18	62	1	13	1	-86.8050323142	0.6103515625	766
18	47	1	14	1	-188.3958110301	0.6103515625	920
18	48	1	15	1	-94.9303980308	0.6103515625	751
18	49	1	16	1	-63.099661782	0.6103515625	657
18	43	1	17	1	-230.243808373	0.6103515625	970
18	44	1	18	1	-16.4071213245	0.6103515625	671
18	45	1	19	1	-51.6172957764	0.6103515625	713
18	46	1	20	1	-151.4927009169	0.6103515625	882
18	40	1	21	1	-131.2427158295	0.6103515625	821
18	41	1	22	1	18.9209096307	0.6103515625	561
18	42	1	23	1	-87.5626683222	0.6103515625	809
18	36	1	24	1	17.2816061868	0.6103515625	707
18	37	1	25	1	-6.5582415698	0.6103515625	658
18	38	1	26	1	-79.0614216493	0.6103515625	725
18	39	1	27	1	-77.5700791041	0.6103515625	775
18	33	1	28	1	-85.2811668419	0.6103515625	676
18	34	1	29	1	-176.9267671911	0.6103515625	867
18	35	1	30	1	-139.724901767	0.6103515625	877
18	29	1	31	1	-42.6832404749	0.6103515625	677
18	30	1	32	1	-83.3553181634	0.6103515625	737
18	31	1	33	1	-47.1041203158	0.6103515625	737
18	32	1	34	1	-131.6331427245	0.6103515625	871
18	26	1	35	1	-119.5341715058	0.6103515625	827
18	27	1	36	1	-108.2394884492	0.6103515625	778
18	28	1	37	1	-63.8915046675	0.6103515625	783
18	22	1	38	1	-59.9579200924	0.6103515625	695
18	23	1	39	1	-139.3124834632	0.6103515625	857
18	24	1	40	1	-85.5747311667	0.6103515625	798
18	25	1	41	1	-187.4511224861	0.6103515625	959
18	19	1	42	1	-58.9754855404	0.6103515625	690
18	20	1	43	1	-26.7703323713	0.6103515625	677
18	21	1	44	1	-11.1383290632	0.6103515625	663
18	15	1	45	1	9.364368773	0.6103515625	609
18	16	1	46	1	-126.1353968715	0.6103515625	800
18	17	1	47	1	-84.722407302	0.6103515625	803
18	18	1	48	1	-84.6195601194	0.6103515625	815
18	12	1	49	1	55.7073852249	0.6103515625	560
18	13	1	50	1	-104.225142635	0.6103515625	864
18	14	1	51	1	-41.4194659081	0.6103515625	720
18	8	1	52	1	18.0649071926	0.6103515625	653
18	9	1	53	1	36.9980181168	0.6103515625	591
18	10	1	54	1	9.3935897747	0.6103515625	678
18	11	1	55	1	21.3477163505	0.6103515625	655
18	5	1	56	1	-54.3164147615	0.6103515625	764
18	6	1	57	1	35.5644061614	0.6103515625	627
18	7	1	58	1	14.4563244991	0.6103515625	666
18	2	1	59	1	40.0082104091	0.6103515625	571
18	3	1	60	1	16.5475854368	0.6103515625	636
18	4	1	61	1	-65.3221962094	0.6103515625	771
18	0	1	62	1	15.0398882715	0.6103515625	619
18	1	1	63	0	0	0.6103515625	1378
21	1	1	64	1	-111.5928814117	0.6103515625	950
21	0	1	65	0	0	0.6103515625	0.5
21	4	1	66	1	-21.3574091238	0.6103515625	623
21	3	1	67	1	9.2243692827	0.6103515625	354
21	2	1	68	1	-239.5918116661	0.6103515625	731
21	7	1	69	1	-7.5660533052	0.6103515625	429
21	6	1	70	1	-43.6024168505	0.6103515625	474
21	5	1	71	1	-57.7992164171	0.6103515625	487
21	11	1	72	1	-157.7812918089	0.6103515625	591
21	10	1	73	1	-113.9058569326	0.6103515625	592
21	9	1	74	1	-178.7176923573	0.6103515625	652
21	8	1	75	1	-79.4953725671	0.6103515625	487
21	14	1	76	1	20.6252500438	0.6103515625	281
21	13	1	77	1	-243.9452300361	0.6103515625	712
21	12	1	78	1	-7.22056741	0.6103515625	334
21	18	1	79	1	-79.4266608333	0.6103515625	435
21	17	1	80	1	20.6252812174	0.6103515625	0.5
21	16	1	81	1	16.2721413381	0.6103515625	310
21	15	1	82	1	-80.6701214785	0.6103515625	341
21	21	1	83	1	-91.3799530424	0.6103515625	0.5
21	20	1	84	1	-3.9730439845	0.6103515625	0.5
21	19	1	85	1	-76.9387886672	0.6103515625	463
21	25	1	86	1	20.2107210752	0.6103515625	0.5
21	24	1	87	1	-49.1620538074	0.6103515625	0.5
21	23	1	88	1	-42.390650181	0.6103515625	0.5
21	22	1	89	1	-17.861401331	0.6103515625	0.5
21	28	1	90	1	81.0842618736	0.6103515625	0.5
21	27	1	91	1	-11.7809195911	0.6103515625	351
21	26	1	92	1	16.6867300291	0.6103515625	0.5
21	32	1	93	1	-121.091788728	0.6103515625	0.5
21	31	1	94	1	-68.7855346687	0.6103515625	0.5
21	30	1	95	1	-100.3623778851	0.6103515625	0.5
21	29	1	96	1	-51.6495787689	0.6103515625	395
21	35	1	97	1	-78.9395647844	0.6103515625	491
21	34	1	98	1	-39.8340825656	0.6103515625	0.5
21	33	1	99	1	-72.7239432797	0.6103515625	0.5
21	39	1	100	1	-53.6161233254	0.6103515625	443
21	38	1	101	1	11.8058184654	0.6103515625	342
21	37	1	102	1	-127.448764725	0.6103515625	0.5
21	36	1	103	1	-129.2946327254	0.6103515625	492
21	42	1	104	1	-3.4893700348	0.6103515625	370
21	41	1	105	1	14.6460327572	0.6103515625	365
21	40	1	106	1	61.6685758583	0.6103515625	0.5
21	46	1	107	0	0	0.6103515625	0.5
21	45	1	108	1	-41.0778253174	0.6103515625	0.5
21	44	1	109	1	58.0754882261	0.6103515625	0.5
21	43	1	110	1	80.462904184	0.6103515625	0.5
21	49	1	111	1	-31.4392300776	0.6103515625	392
21	48	1	112	1	-143.6170586559	0.6103515625	493
21	47	1	113	1	-150.7337326497	0.6103515625	558
21	62	1	114	1	185.8351566761	0.6103515625	0.5
21	52	1	115	1	-18.4141694555	0.6103515625	359
21	51	1	116	1	42.2524529659	0.6103515625	256
21	50	1	117	1	-35.9646600274	0.6103515625	445
21	59	1	118	1	168.1459218552	0.6103515625	84
21	56	1	119	1	-710.333529747	0.6103515625	277
21	53	1	120	1	33.8757443635	0.6103515625	416
21	63	1	121	1	20.9016478535	0.6103515625	285
21	60	1	122	1	-98.9807442576	0.6103515625	487
21	57	1	123	1	34.2372246207	0.6103515625	317
21	54	1	124	1	31.9790099071	0.6103515625	372
21	61	1	125	1	-13.8824085712	0.6103515625	738
21	58	1	126	0	0	0.6103515625	1837
21	55	1	127	1	0	0.6103515625	6901
19	55	1	128	1	-63.5342198354	0.6103515625	501
19	58	1	129	1	-178.8557639677	0.6103515625	670
19	61	1	130	1	17.7923587179	0.6103515625	372
19	54	1	131	1	-138.0145431705	0.6103515625	631
19	57	1	132	0	0	0.6103515625	717
19	60	1	133	1	8.1680289188	0.6103515625	396
19	63	1	134	1	-3.1438893755	0.6103515625	418
19	53	1	135	1	-161.9181572512	0.6103515625	687
19	56	1	136	1	-141.5437560765	0.6103515625	621
19	59	1	137	1	-98.154993336	0.6103515625	560
19	50	1	138	1	37.0010586244	0.6103515625	325
19	51	1	139	1	-185.5495349791	0.6103515625	693
19	52	1	140	1	4.9484672466	0.6103515625	401
19	62	1	141	1	-144.7359828159	0.6103515625	628
19	47	1	142	1	-212.2098772413	0.6103515625	780
19	48	1	143	1	0	0.6103515625	3598
19	49	1	144	1	-29.5716123434	0.6103515625	430
19	43	1	145	1	-116.8929412513	0.6103515625	589
19	44	1	146	1	31.3127215907	0.6103515625	387
19	45	1	147	1	-84.4301476662	0.6103515625	525
19	46	1	148	1	89.2402811818	0.6103515625	259
19	40	1	149	1	-73.7843959895	0.6103515625	519
19	41	1	150	0	0	0.6103515625	664
19	42	1	151	1	-35.2180179411	0.6103515625	447
19	36	1	152	1	-31.5801916738	0.6103515625	436
19	37	1	153	1	5.6244817037	0.6103515625	382
19	38	1	154	1	-60.6320479243	0.6103515625	460
19	39	1	155	1	32.8398409637	0.6103515625	378
19	33	1	156	1	-38.5058181486	0.6103515625	192
19	34	1	157	1	17.5397230725	0.6103515625	400
19	35	1	158	1	-9.1503733467	0.6103515625	385
19	29	1	159	1	89.979093166	0.6103515625	278
19	30	1	160	1	59.9511818302	0.6103515625	563
19	31	1	161	1	-241.1377883065	0.6103515625	786
19	32	1	162	1	0	0.6103515625	3567
19	26	1	163	1	-100.6448971766	0.6103515625	524
19	27	1	164	1	-156.1920284596	0.6103515625	591
19	28	1	165	1	40.3050980888	0.6103515625	328
19	22	1	166	1	-32.0261641407	0.6103515625	414
19	23	1	167	1	-102.9190195324	0.6103515625	496
19	24	1	168	1	-111.4413996775	0.6103515625	528
19	25	1	169	1	-177.958009327	0.6103515625	621
19	19	1	170	1	48.2275299132	0.6103515625	300
19	20	1	171	1	-31.473449362	0.6103515625	386
19	21	1	172	1	-268.8886225431	0.6103515625	764
19	15	1	173	1	-168.9700389036	0.6103515625	634
19	16	1	174	1	0	0.6103515625	3602
19	17	1	175	1	-154.119787855	0.6103515625	561
19	18	1	176	1	52.6169557359	0.6103515625	236
19	12	1	177	1	3.5584603363	0.6103515625	314
19	13	1	178	1	-169.7145208275	0.6103515625	624
19	14	1	179	1	225.5455387387	0.6103515625	0.5
19	8	1	180	1	4.8998361047	0.6103515625	325
19	9	1	181	1	119.0530181081	0.6103515625	151
19	10	1	182	1	-8.873222321	0.6103515625	385
19	11	1	183	1	-2.132582596	0.6103515625	372
19	5	1	184	1	115.312918443	0.6103515625	181
19	6	1	185	1	-24.8249887855	0.6103515625	415
19	7	1	186	1	37.5135351202	0.6103515625	329
19	2	1	187	1	-6.8451708839	0.6103515625	391
19	3	1	188	1	103.7912161341	0.6103515625	266
19	4	1	189	1	37.1536136749	0.6103515625	373
19	0	1	190	1	0	0.6103515625	3625
19	1	1	191	1	-593.9159310283	0.6103515625	1265
24	1	1	192	1	-92.4166753485	0.6103515625	277
24	0	1	193	1	0	0.6103515625	3629
24	4	1	194	1	4.4567154886	0.6103515625	0.5
24	3	1	195	1	-86.6815288034	0.6103515625	253
24	2	1	196	1	-149.9737572322	0.6103515625	0.5
24	7	1	197	1	-3.0747878471	0.6103515625	0.5
24	6	1	198	1	37.001118617	0.6103515625	0.5
24	5	1	199	1	-12.7946427221	0.6103515625	1097
24	11	1	200	1	-12.1955570356	0.6103515625	125
24	10	1	201	1	-13.6465419751	0.6103515625	0.5
24	9	1	202	1	33.1317426781	0.6103515625	0.5
24	8	1	203	1	54.067905602	0.6103515625	0.5
24	14	1	204	1	-9.224346127	0.6103515625	140
24	13	1	205	1	-210.7096938504	0.6103515625	486
24	12	1	206	1	-58.144655863	0.6103515625	0.5
24	18	1	207	1	-57.6609088792	0.6103515625	0.5
24	17	1	208	1	-62.3594326714	0.6103515625	0.5
24	16	1	209	1	0	0.6103515625	3500
24	15	1	210	1	48.8166575869	0.6103515625	0.5
24	21	1	211	1	-20.4179666112	0.6103515625	402
24	20	1	212	1	-65.19245723	0.6103515625	380
24	19	1	213	1	105.890058834	0.6103515625	109
24	25	1	214	1	-87.7869667012	0.6103515625	458
24	24	1	215	1	-151.770103719	0.6103515625	0.5
24	23	1	216	1	38.5212349861	0.6103515625	221
24	22	1	217	1	72.9312920115	0.6103515625	112
24	28	1	218	1	23.9418873654	0.6103515625	225
24	27	1	219	1	-48.7474628369	0.6103515625	338
24	26	1	220	1	-113.214223081	0.6103515625	421
24	32	1	221	1	38.9357742026	0.6103515625	178
24	31	1	222	1	-220.7974456374	0.6103515625	618
24	30	1	223	1	-139.9889650897	0.6103515625	310
24	29	1	224	1	-134.4961276843	0.6103515625	513
24	35	1	225	1	-41.9760432291	0.6103515625	311
24	34	1	226	1	-118.8110242369	0.6103515625	477
24	33	1	227	1	-601.8597436884	0.6103515625	257
24	39	1	228	1	120.331460969	0.6103515625	73
24	38	1	229	1	2.9365961668	0.6103515625	220
24	37	1	230	1	-111.4871285968	0.6103515625	418
24	36	1	231	1	28.7095307392	0.6103515625	188
24	42	1	232	1	34.5136082555	0.6103515625	186
24	41	1	233	1	100.984071811	0.6103515625	62
24	40	1	234	1	-177.3358067729	0.6103515625	521
24	46	1	235	1	23.5273691712	0.6103515625	206
24	45	1	236	1	11.8500092789	0.6103515625	222
24	44	1	237	1	-122.6808218893	0.6103515625	439
24	43	1	238	1	-52.7550934708	0.6103515625	319
24	49	1	239	1	108.4467331051	0.6103515625	65
24	48	1	240	1	0	0.6103515625	3719
24	47	1	241	1	-201.8648294272	0.6103515625	570
24	62	1	242	1	193.1594996612	0.6103515625	0.5
24	52	1	243	1	-17.9995809859	0.6103515625	259
24	51	1	244	1	11.2972459975	0.6103515625	214
24	50	1	245	1	-88.132395349	0.6103515625	390
24	59	1	246	1	141.7516204889	0.6103515625	22
24	56	1	247	1	26.4293445205	0.6103515625	204
24	53	1	248	1	78.7349583792	0.6103515625	112
24	63	1	249	1	-36.3101579208	0.6103515625	331
24	60	1	250	1	36.5865384368	0.6103515625	193
24	57	1	251	1	109.275897991	0.6103515625	59
24	54	1	252	1	11.3663606416	0.6103515625	216
24	61	1	253	1	38.5903739418	0.6103515625	228
24	58	1	254	1	-19.8651640162	0.6103515625	312
24	55	1	255	1	-225.0355777623	0.6103515625	1229
9	55	2	0	1	0	0.6103515625	8116
9	58	2	1	0	0	0.6103515625	2236
9	61	2	2	1	-302.9995414495	0.6103515625	1469
9	54	2	3	1	-67.8365547869	0.6103515625	662
9	57	2	4	1	33.1218587246	0.6103515625	382
9	60	2	5	1	-54.7784784239	0.6103515625	476
9	63	2	6	1	-82.3977827001	0.6103515625	0.5
9	53	2	7	1	47.4571960564	0.6103515625	546
9	56	2	8	1	-27.9715743392	0.6103515625	491
9	59	2	9	1	-33.9389220033	0.6103515625	423
9	50	2	10	1	-69.407386809	0.6103515625	416
9	51	2	11	1	41.5646756458	0.6103515625	283
9	52	2	12	1	-16.3286882526	0.6103515625	426
9	62	2	13	1	-54.1462522549	0.6103515625	443
9	47	2	14	1	-86.197851314	0.6103515625	0.5
9	48	2	15	1	-76.2793977582	0.6103515625	517
9	49	2	16	1	-34.0990564015	0.6103515625	362
9	43	2	17	1	-0.1036446657	0.6103515625	334
9	44	2	18	1	-154.9483808525	0.6103515625	0.5
9	45	2	19	1	-83.8481504445	0.6103515625	0.5
9	46	2	20	1	-104.3008741282	0.6103515625	0.5
9	40	2	21	1	-106.8578116984	0.6103515625	0.5
9	41	2	22	1	-89.0999447617	0.6103515625	491
9	42	2	23	1	-69.2691361392	0.6103515625	442
9	36	2	24	1	-37.692064096	0.6103515625	0.5
9	37	2	25	1	-114.5961899677	0.6103515625	509
9	38	2	26	1	-19.3815442566	0.6103515625	346
9	39	2	27	1	-79.2189046308	0.6103515625	323
9	33	2	28	1	-118.3969170512	0.6103515625	0.5
9	34	2	29	1	-148.7302064631	0.6103515625	448
9	35	2	30	1	-29.6078290968	0.6103515625	0.5
9	29	2	31	1	-71.3420729716	0.6103515625	0.5
9	30	2	32	1	-24.6328890252	0.6103515625	0.5
9	31	2	33	1	-159.1640235723	0.6103515625	0.5
9	32	2	34	1	-199.7921358223	0.6103515625	641
9	26	2	35	1	-149.2138344323	0.6103515625	0.5
9	27	2	36	1	-126.9643072339	0.6103515625	0.5
9	28	2	37	1	-60.2174913537	0.6103515625	0.5
9	22	2	38	1	78.2514485889	0.6103515625	154
9	23	2	39	1	-116.1860464322	0.6103515625	500
9	24	2	40	1	-31.1279047036	0.6103515625	247
9	25	2	41	1	17.9995981734	0.6103515625	0.5
9	19	2	42	1	-188.0458637155	0.6103515625	637
9	20	2	43	1	29.5327582746	0.6103515625	316
9	21	2	44	1	-137.5362051988	0.6103515625	549
9	15	2	45	1	26.8724795555	0.6103515625	361
9	16	2	46	1	-64.5927288343	0.6103515625	505
9	17	2	47	1	12.9555414147	0.6103515625	314
9	18	2	48	1	-82.673756849	0.6103515625	496
9	12	2	49	1	11.0714431757	0.6103515625	389
9	13	2	50	1	-63.5713803522	0.6103515625	543
9	14	2	51	1	30.8020744061	0.6103515625	366
9	8	2	52	1	88.1409776919	0.6103515625	284
9	9	2	53	1	-94.4735033568	0.6103515625	596
9	10	2	54	1	65.2395158507	0.6103515625	310
9	11	2	55	1	-63.4059887423	0.6103515625	482
9	5	2	56	1	-67.6955442716	0.6103515625	563
9	6	2	57	1	22.6170245748	0.6103515625	395
9	7	2	58	1	24.2754187981	0.6103515625	375
9	2	2	59	1	-41.5744396147	0.6103515625	476
9	3	2	60	1	107.9643222108	0.6103515625	261
9	4	2	61	1	-71.4451136524	0.6103515625	557
9	0	2	62	1	-72.2962875942	0.6103515625	548
9	1	2	63	1	-53.5420630085	0.6103515625	730
14	1	2	64	1	-113.6055347572	0.6103515625	768
14	0	2	65	1	-132.1255502661	0.6103515625	631
14	4	2	66	1	-112.0927294332	0.6103515625	593
14	3	2	67	1	-131.4585795716	0.6103515625	670
14	2	2	68	1	-7.560097696	0.6103515625	435
14	7	2	69	1	94.4930882163	0.6103515625	278
14	6	2	70	1	-94.4927609664	0.6103515625	561
14	5	2	71	1	-108.5161590502	0.6103515625	553
14	11	2	72	1	-73.8295144613	0.6103515625	429
14	10	2	73	1	81.8038330476	0.6103515625	252
14	9	2	74	1	-64.1560687074	0.6103515625	453
14	8	2	75	1	9.8586851591	0.6103515625	531
14	14	2	76	1	-19.2433655259	0.6103515625	388
14	13	2	77	1	72.8945064997	0.6103515625	253
14	12	2	78	1	38.4521405566	0.6103515625	249
14	18	2	79	1	173.6829748127	0.6103515625	115
14	17	2	80	1	40.1104973481	0.6103515625	0.5
14	16	2	81	1	55.795312754	0.6103515625	0.5
14	15	2	82	1	-88.6849522366	0.6103515625	464
14	21	2	83	1	-41.1468863044	0.6103515625	407
14	20	2	84	1	-16.4103746097	0.6103515625	0.5
14	19	2	85	1	79.2884646149	0.6103515625	180
14	25	2	86	1	28.087707063	0.6103515625	0.5
14	24	2	87	1	263.863641383	0.6103515625	0.5
14	23	2	88	1	108.5185181913	0.6103515625	184
14	22	2	89	1	-114.3106646713	0.6103515625	567
14	28	2	90	1	3.1438883921	0.6103515625	0.5
14	27	2	91	1	-93.5223014389	0.6103515625	318
14	26	2	92	1	41.7688244996	0.6103515625	238
14	32	2	93	1	64.4324148886	0.6103515625	140
14	31	2	94	1	-89.9289052068	0.6103515625	0.5
14	30	2	95	1	-8.4643072718	0.6103515625	0.5
14	29	2	96	1	52.9838768163	0.6103515625	296
14	35	2	97	1	-9.4316653559	0.6103515625	0.5
14	34	2	98	1	22.9745354941	0.6103515625	190
14	33	2	99	1	-38.6594564341	0.6103515625	368
14	39	2	100	1	17.7232222383	0.6103515625	312
14	38	2	101	1	192.6694405105	0.6103515625	87
14	37	2	102	1	-23.9418791127	0.6103515625	367
14	36	2	103	1	124.0628507961	0.6103515625	130
14	42	2	104	1	130.558006331	0.6103515625	98
14	41	2	105	1	79.7272040992	0.6103515625	269
14	40	2	106	1	11.2757220705	0.6103515625	356
14	46	2	107	1	1.2782840332	0.6103515625	265
14	45	2	108	1	39.3504230157	0.6103515625	234
14	44	2	109	1	33.5839521587	0.6103515625	322
14	43	2	110	1	139.6090375318	0.6103515625	118
14	49	2	111	1	0.3136865406	0.6103515625	375
14	48	2	112	1	-65.89610394	0.6103515625	506
14	47	2	113	1	119.5583822283	0.6103515625	200
14	62	2	114	1	-78.6480483672	0.6103515625	487
14	52	2	115	1	83.5696159221	0.6103515625	260
14	51	2	116	1	-122.7437357061	0.6103515625	630
14	50	2	117	1	-104.7444190124	0.6103515625	539
14	59	2	118	1	-153.786496294	0.6103515625	644
14	56	2	119	1	-157.1474212619	0.6103515625	746
14	53	2	120	1	64.7860618779	0.6103515625	683
14	63	2	121	1	-44.190973892	0.6103515625	466
14	60	2	122	1	-82.9910728211	0.6103515625	544
14	57	2	123	1	-156.2183345118	0.6103515625	738
14	54	2	124	1	-42.6541117492	0.6103515625	526
14	61	2	125	1	11.2192638891	0.6103515625	737
14	58	2	126	1	-117.0837966415	0.6103515625	0.5
14	55	2	127	1	0	0.6103515625	8261
12	55	2	128	1	-143.2029205275	0.6103515625	415
12	58	2	129	1	-12.6791817254	0.6103515625	234
12	61	2	130	1	12.2646053255	0.6103515625	204
12	54	2	131	1	-32.3716471047	0.6103515625	280
12	57	2	132	1	-78.1829095205	0.6103515625	360
12	60	2	133	1	-60.4248287952	0.6103515625	320
12	63	2	134	1	-34.9282124287	0.6103515625	308
12	53	2	135	1	-130.2812056643	0.6103515625	421
12	56	2	136	1	-78.2514194114	0.6103515625	345
12	59	2	137	1	20.9016606824	0.6103515625	182
12	50	2	138	1	62.4977021486	0.6103515625	126
12	51	2	139	1	-42.2524238264	0.6103515625	286
12	52	2	140	1	-149.4900782588	0.6103515625	460
12	62	2	141	1	80.8773558805	0.6103515625	97
12	47	2	142	1	-11.8500638624	0.6103515625	250
12	48	2	143	1	97.2535273711	0.6103515625	64
12	49	2	144	1	98.9114850961	0.6103515625	65
12	43	2	145	1	-21.9381306116	0.6103515625	271
12	44	2	146	1	-176.4373014693	0.6103515625	528
12	45	2	147	1	-39.5577012534	0.6103515625	299
12	46	2	148	1	-148.24595721	0.6103515625	487
12	40	2	149	1	-7.3587652121	0.6103515625	248
12	41	2	150	1	-190.256992758	0.6103515625	542
12	42	2	151	1	-144.5841667776	0.6103515625	466
12	36	2	152	1	-154.5342282795	0.6103515625	481
12	37	2	153	1	-211.9535324977	0.6103515625	585
12	38	2	154	1	71.8256686926	0.6103515625	118
12	39	2	155	1	-33.8226266092	0.6103515625	287
12	33	2	156	1	-16.6176610423	0.6103515625	263
12	34	2	157	1	-41.8378644096	0.6103515625	310
12	35	2	158	1	16.8940677485	0.6103515625	204
12	29	2	159	1	16.0648962537	0.6103515625	197
12	30	2	160	1	-112.5236034443	0.6103515625	316
12	31	2	161	1	-84.1248641883	0.6103515625	373
12	32	2	162	1	-96.8388954946	0.6103515625	412
12	26	2	163	1	-8.8097777613	0.6103515625	244
12	27	2	164	1	-129.0371882309	0.6103515625	447
12	28	2	165	1	-91.5871139223	0.6103515625	388
12	22	2	166	1	-172.2921101553	0.6103515625	521
12	23	2	167	1	-146.7951430696	0.6103515625	458
12	24	2	168	1	-8.0496941691	0.6103515625	261
12	25	2	169	1	-250.9924591781	0.6103515625	619
12	19	2	170	1	109.2756786233	0.6103515625	17
12	20	2	171	1	-86.8884911687	0.6103515625	364
12	21	2	172	1	-209.5349334422	0.6103515625	576
12	15	2	173	1	-50.9585482904	0.6103515625	308
12	16	2	174	1	-159.2327145878	0.6103515625	494
12	17	2	175	1	52.3404926622	0.6103515625	154
12	18	2	176	1	-165.0368475184	0.6103515625	515
12	12	2	177	1	-88.0634622941	0.6103515625	346
12	13	2	178	1	-111.9019774441	0.6103515625	412
12	14	2	179	1	-58.2137220504	0.6103515625	329
12	8	2	180	1	-107.4792096004	0.6103515625	375
12	9	2	181	1	66.228845018	0.6103515625	99
12	10	2	182	1	-130.4885102388	0.6103515625	423
12	11	2	183	1	-72.3785385074	0.6103515625	340
12	5	2	184	1	-5.0785823204	0.6103515625	224
12	6	2	185	1	-94.3513697768	0.6103515625	373
12	7	2	186	1	-79.5644613817	0.6103515625	348
12	2	2	187	1	-119.7790866381	0.6103515625	404
12	3	2	188	1	-88.7546388265	0.6103515625	362
12	4	2	189	1	-35.8956306834	0.6103515625	253
12	0	2	190	1	0	0.6103515625	3455
12	1	2	191	1	-215.6394644707	0.6103515625	918
15	1	2	192	1	-22.0305238146	0.6103515625	852
15	0	2	193	1	0	0.6103515625	3341
15	4	2	194	1	-100.293453074	0.6103515625	523
15	3	2	195	1	140.5726199848	0.6103515625	134
15	2	2	196	1	90.6199727687	0.6103515625	150
15	7	2	197	1	-164.6225459699	0.6103515625	570
15	6	2	198	1	24.1491749862	0.6103515625	244
15	5	2	199	1	121.2299376707	0.6103515625	55
15	11	2	200	1	49.2311688806	0.6103515625	172
15	10	2	201	1	-54.3443022215	0.6103515625	344
15	9	2	202	1	58.4210464276	0.6103515625	146
15	8	2	203	1	-100.2246631723	0.6103515625	383
15	14	2	204	1	14.890233709	0.6103515625	214
15	13	2	205	1	45.1545065879	0.6103515625	124
15	12	2	206	1	-48.1947508831	0.6103515625	262
15	18	2	207	1	-50.6822143131	0.6103515625	307
15	17	2	208	1	-103.8176806687	0.6103515625	396
15	16	2	209	1	99.3949077473	0.6103515625	56
15	15	2	210	1	-80.0481679538	0.6103515625	357
15	21	2	211	1	-27.6730876002	0.6103515625	244
15	20	2	212	1	-75.5569310032	0.6103515625	349
15	19	2	213	1	100.0168542438	0.6103515625	76
15	25	2	214	1	-16.7558486162	0.6103515625	240
15	24	2	215	1	-59.6647239095	0.6103515625	322
15	23	2	216	1	-56.417217339	0.6103515625	301
15	22	2	217	1	72.1020795522	0.6103515625	95
15	28	2	218	1	25.8765951339	0.6103515625	174
15	27	2	219	1	-211.0547089092	0.6103515625	571
15	26	2	220	1	-69.1309525912	0.6103515625	338
15	32	2	221	1	5.6313588806	0.6103515625	218
15	31	2	222	1	183.6139331656	0.6103515625	0.5
15	30	2	223	1	51.7186893827	0.6103515625	130
15	29	2	224	1	19.5888386338	0.6103515625	191
15	35	2	225	1	-20.8325505769	0.6103515625	231
15	34	2	226	1	31.8189005037	0.6103515625	172
15	33	2	227	1	-81.706545974	0.6103515625	344
15	39	2	228	1	26.9821248214	0.6103515625	142
15	38	2	229	1	28.2258519081	0.6103515625	164
15	37	2	230	1	-0.4491266215	0.6103515625	203
15	36	2	231	1	-20.0724954287	0.6103515625	250
15	42	2	232	1	-77.0769860171	0.6103515625	342
15	41	2	233	1	-78.4589340015	0.6103515625	338
15	40	2	234	1	-35.4810086778	0.6103515625	263
15	46	2	235	1	28.847794786	0.6103515625	163
15	45	2	236	1	-88.8234345263	0.6103515625	356
15	44	2	237	1	69.061928601	0.6103515625	99
15	43	2	238	1	-150.7342100388	0.6103515625	482
15	49	2	239	1	-46.6055935944	0.6103515625	273
15	48	2	240	1	0	0.6103515625	3945
15	47	2	241	1	154.5337497035	0.6103515625	0.5
15	62	2	242	1	119.0876837823	0.6103515625	19
15	52	2	243	1	16.7558635591	0.6103515625	169
15	51	2	244	1	-108.1011679619	0.6103515625	393
15	50	2	245	1	-87.5105952653	0.6103515625	365
15	59	2	246	1	33.8226690052	0.6103515625	161
15	56	2	247	1	-47.7110440513	0.6103515625	290
15	53	2	248	1	-66.0215343017	0.6103515625	301
15	63	2	249	1	-63.2577206194	0.6103515625	330
15	60	2	250	1	144.7917576805	0.6103515625	0.5
15	57	2	251	1	181.0168433036	0.6103515625	0.5
15	54	2	252	1	7.7733484793	0.6103515625	182
15	61	2	253	1	124.8916720314	0.6103515625	82
15	58	2	254	1	-17.9995906863	0.6103515625	334
15	55	2	255	0	0	0.6103515625	2368
10	55	3	0	1	0	0.6103515625	6943
10	58	3	1	0	0	0.6103515625	1843
10	61	3	2	1	7.5659174206	0.6103515625	886
10	54	3	3	1	-122.0771829775	0.6103515625	626
10	57	3	4	1	51.4130231976	0.6103515625	325
10	60	3	5	1	-126.7513833137	0.6103515625	625
10	63	3	6	1	-7.3587619893	0.6103515625	283
10	53	3	7	1	14.9426694917	0.6103515625	476
10	56	3	8	1	0.0024674298	0.6103515625	564
10	59	3	9	1	21.8690001188	0.6103515625	340
10	50	3	10	1	39.4788556455	0.6103515625	515
10	51	3	11	1	-67.6108901362	0.6103515625	0.5
10	52	3	12	1	-40.0413677812	0.6103515625	395
10	62	3	13	1	49.9221396628	0.6103515625	225
10	47	3	14	1	8.4643241586	0.6103515625	0.5
10	48	3	15	1	51.3886570828	0.6103515625	288
10	49	3	16	1	-25.7198938684	0.6103515625	374
10	43	3	17	1	-219.5537722722	0.6103515625	0.5
10	44	3	18	1	29.1241136083	0.6103515625	0.5
10	45	3	19	1	-17.8614193414	0.6103515625	0.5
10	46	3	20	1	-110.1049187815	0.6103515625	0.5
10	40	3	21	1	-77.6297877145	0.6103515625	0.5
10	41	3	22	1	-33.6153645177	0.6103515625	370
10	42	3	23	1	1.2782871319	0.6103515625	0.5
10	36	3	24	1	19.237607515	0.6103515625	401
10	37	3	25	1	132.4920201098	0.6103515625	0.5
10	38	3	26	1	-50.4749258598	0.6103515625	0.5
10	39	3	27	1	-73.138767093	0.6103515625	0.5
10	33	3	28	1	-15.5121211534	0.6103515625	0.5
10	34	3	29	1	-107.6178878639	0.6103515625	0.5
10	35	3	30	1	25.2547608271	0.6103515625	0.5
10	29	3	31	1	-80.1173116784	0.6103515625	0.5
10	30	3	32	1	-48.7475372555	0.6103515625	0.5
10	31	3	33	1	-57.3845876095	0.6103515625	0.5
10	32	3	34	1	-22.3526726695	0.6103515625	0.5
10	26	3	35	1	-20.210700515	0.6103515625	310
10	27	3	36	1	6.3914265551	0.6103515625	303
10	28	3	37	1	-114.3888276107	0.6103515625	0.5
10	22	3	38	1	-51.0276918962	0.6103515625	0.5
10	23	3	39	1	35.8955999865	0.6103515625	205
10	24	3	40	1	-106.4428205477	0.6103515625	0.5
10	25	3	41	1	-39.4194978975	0.6103515625	0.5
10	19	3	42	1	-57.3154825297	0.6103515625	432
10	20	3	43	1	12.3337305632	0.6103515625	317
10	21	3	44	1	-99.9252402132	0.6103515625	520
10	15	3	45	1	-12.2094580689	0.6103515625	426
10	16	3	46	1	-147.5553853224	0.6103515625	566
10	17	3	47	1	-179.6849863098	0.6103515625	0.5
10	18	3	48	1	10.1917282804	0.6103515625	285
10	12	3	49	1	90.0668535035	0.6103515625	190
10	13	3	50	1	125.2773205954	0.6103515625	183
10	14	3	51	1	-46.3161615854	0.6103515625	483
10	8	3	52	1	16.1339523438	0.6103515625	347
10	9	3	53	1	76.9699732599	0.6103515625	272
10	10	3	54	1	117.4296206892	0.6103515625	198
10	11	3	55	1	110.2107224544	0.6103515625	247
10	5	3	56	1	128.4848583086	0.6103515625	195
10	6	3	57	1	147.6246667028	0.6103515625	147
10	7	3	58	1	84.1248333636	0.6103515625	261
10	2	3	59	1	166.5284958109	0.6103515625	143
10	3	3	60	1	43.4711312998	0.6103515625	358
10	4	3	61	1	134.580899489	0.6103515625	194
10	0	3	62	1	-24.771081191	0.6103515625	365
10	1	3	63	1	-109.2762180618	0.6103515625	241
13	1	3	64	1	-75.6177396865	0.6103515625	662
13	0	3	65	1	51.8568562359	0.6103515625	284
13	4	3	66	1	34.8591251947	0.6103515625	330
13	3	3	67	1	12.4718777091	0.6103515625	377
13	2	3	68	1	-20.6814319643	0.6103515625	453
13	7	3	69	1	-144.5145419999	0.6103515625	647
13	6	3	70	1	-105.2311655392	0.6103515625	592
13	5	3	71	1	-93.245660251	0.6103515625	482
13	11	3	72	1	6.3223191037	0.6103515625	344
13	10	3	73	1	-115.6323477463	0.6103515625	550
13	9	3	74	1	4.3185238907	0.6103515625	317
13	8	3	75	1	-6.4605191698	0.6103515625	0.5
13	14	3	76	1	-88.5471851076	0.6103515625	0.5
13	13	3	77	1	20.7634873427	0.6103515625	0.5
13	12	3	78	1	-54.1370479661	0.6103515625	406
13	18	3	79	1	-132.837536149	0.6103515625	519
13	17	3	80	1	0.7255118673	0.6103515625	0.5
13	16	3	81	1	-35.826486943	0.6103515625	0.5
13	15	3	82	1	16.8249334267	0.6103515625	313
13	21	3	83	1	74.6208848996	0.6103515625	259
13	20	3	84	1	-183.4162655127	0.6103515625	628
13	19	3	85	1	-16.5427313441	0.6103515625	402
13	25	3	86	1	-144.0312415138	0.6103515625	0.5
13	24	3	87	1	-81.3613195303	0.6103515625	424
13	23	3	88	1	52.1668248147	0.6103515625	287
13	22	3	89	1	-91.725689504	0.6103515625	447
13	28	3	90	1	-47.987441754	0.6103515625	0.5
13	27	3	91	1	-7.6351615949	0.6103515625	354
13	26	3	92	1	87.6488610617	0.6103515625	98
13	32	3	93	1	-185.2128424956	0.6103515625	615
13	31	3	94	1	-33.6154511123	0.6103515625	0.5
13	30	3	95	1	-43.5652913933	0.6103515625	0.5
13	29	3	96	1	-109.1375817343	0.6103515625	529
13	35	3	97	1	-121.5060838852	0.6103515625	557
13	34	3	98	1	113.4302383764	0.6103515625	190
13	33	3	99	1	164.8071670621	0.6103515625	120
13	39	3	100	1	-17.9142087301	0.6103515625	445
13	38	3	101	1	28.7095308905	0.6103515625	0.5
13	37	3	102	1	-0.587319522	0.6103515625	357
13	36	3	103	1	64.5705321973	0.6103515625	196
13	42	3	104	1	0.0345482332	0.6103515625	393
13	41	3	105	1	56.5924220849	0.6103515625	303
13	40	3	106	1	29.2214665176	0.6103515625	357
13	46	3	107	1	-67.7149858708	0.6103515625	507
13	45	3	108	1	-3.627562378	0.6103515625	297
13	44	3	109	1	143.7485528269	0.6103515625	166
13	43	3	110	1	78.2730648466	0.6103515625	259
13	49	3	111	1	-75.695180841	0.6103515625	413
13	48	3	112	1	-78.7791588676	0.6103515625	500
13	47	3	113	1	68.7854684077	0.6103515625	180
13	62	3	114	1	77.7678192077	0.6103515625	179
13	52	3	115	1	-73.8427903019	0.6103515625	463
13	51	3	116	1	-60.1483694088	0.6103515625	318
13	50	3	117	1	-19.8651574785	0.6103515625	267
13	59	3	118	1	-211.2620709815	0.6103515625	627
13	56	3	119	1	36.4232474463	0.6103515625	388
13	53	3	120	1	-99.7742449403	0.6103515625	629
13	63	3	121	1	-101.0823584917	0.6103515625	542
13	60	3	122	1	-28.2949915634	0.6103515625	360
13	57	3	123	1	-98.6067684788	0.6103515625	580
13	54	3	124	1	-169.6945107733	0.6103515625	684
13	61	3	125	1	17.850936722	0.6103515625	736
13	58	3	126	0	0	0.6103515625	2239
13	55	3	127	1	0	0.6103515625	7424
11	55	3	128	1	-83.9866426281	0.6103515625	323
11	58	3	129	1	-31.0588018951	0.6103515625	279
11	61	3	130	1	-31.1279328839	0.6103515625	300
11	54	3	131	1	14.6138569809	0.6103515625	218
11	57	3	132	1	-200.0686489788	0.6103515625	546
11	60	3	133	1	-86.4050235079	0.6103515625	378
11	63	3	134	1	55.4498992907	0.6103515625	148
11	53	3	135	1	69.200038887	0.6103515625	122
11	56	3	136	1	7.4969520484	0.6103515625	218
11	59	3	137	1	-43.841650751	0.6103515625	313
11	50	3	138	1	-21.6616948863	0.6103515625	273
11	51	3	139	1	-56.8318156033	0.6103515625	307
11	52	3	140	1	-8.1188270926	0.6103515625	243
11	62	3	141	1	-109.0686104469	0.6103515625	401
11	47	3	142	1	-59.8720605614	0.6103515625	363
11	48	3	143	1	-268.4053711474	0.6103515625	666
11	49	3	144	1	36.3792845476	0.6103515625	170
11	43	3	145	1	39.0049658868	0.6103515625	195
11	44	3	146	1	-97.4607402574	0.6103515625	414
11	45	3	147	1	22.2145362377	0.6103515625	221
11	46	3	148	1	-75.833622868	0.6103515625	391
11	40	3	149	1	119.6402313247	0.6103515625	57
11	41	3	150	1	-1.9001531268	0.6103515625	264
11	42	3	151	1	-37.3465527577	0.6103515625	314
11	36	3	152	1	-63.2578153499	0.6103515625	372
11	37	3	153	1	47.089207775	0.6103515625	182
11	38	3	154	1	168.9061875922	0.6103515625	0.5
11	39	3	155	1	43.4961749446	0.6103515625	226
11	33	3	156	1	0	0.6103515625	33000
11	34	3	157	1	158.1270864173	0.6103515625	36
11	35	3	158	1	47.0200790217	0.6103515625	182
11	29	3	159	1	63.465057648	0.6103515625	176
11	30	3	160	1	-226.1389160215	0.6103515625	457
11	31	3	161	1	-82.8121031853	0.6103515625	366
11	32	3	162	1	20.2798014115	0.6103515625	208
11	26	3	163	1	-5.769551385	0.6103515625	270
11	27	3	164	1	-98.9802697937	0.6103515625	411
11	28	3	165	1	38.244888825	0.6103515625	222
11	22	3	166	1	-58.075480405	0.6103515625	351
11	23	3	167	1	-216.0296830621	0.6103515625	627
11	24	3	168	1	12.1955254424	0.6103515625	224
11	25	3	169	1	26.8439657343	0.6103515625	207
11	19	3	170	1	129.2449225141	0.6103515625	53
11	20	3	171	1	-8.9479814317	0.6103515625	280
11	21	3	172	1	51.0967104874	0.6103515625	187
11	15	3	173	1	2.9365960203	0.6103515625	209
11	16	3	174	1	17.7232010073	0.6103515625	229
11	17	3	175	1	-63.8795932289	0.6103515625	346
11	18	3	176	1	20.1415877465	0.6103515625	189
11	12	3	177	1	143.3406575893	0.6103515625	0.5
11	13	3	178	1	-134.9108181573	0.6103515625	453
11	14	3	179	1	-83.7794104878	0.6103515625	353
11	8	3	180	1	-44.3944186203	0.6103515625	281
11	9	3	181	1	-11.0899961102	0.6103515625	255
11	10	3	182	1	-7.7733465627	0.6103515625	220
11	11	3	183	1	-129.176035589	0.6103515625	437
11	5	3	184	1	53.515158996	0.6103515625	121
11	6	3	185	1	-111.4868016396	0.6103515625	405
11	7	3	186	1	-10.4680930009	0.6103515625	234
11	2	3	187	1	-54.4133877997	0.6103515625	308
11	3	3	188	1	-76.1099419606	0.6103515625	353
11	4	3	189	1	117.6368450774	0.6103515625	49
11	0	3	190	1	0	0.6103515625	2992
11	1	3	191	1	-7.729485429	0.6103515625	606
16	1	3	192	1	-254.176273622	0.6103515625	1295
16	0	3	193	1	0	0.6103515625	3570
16	4	3	194	1	79.382202119	0.6103515625	300
16	3	3	195	1	131.6442023179	0.6103515625	163
16	2	3	196	1	-136.4304775684	0.6103515625	569
16	7	3	197	1	54.4963300406	0.6103515625	253
16	6	3	198	1	9.5007741608	0.6103515625	264
16	5	3	199	1	-169.1136716798	0.6103515625	574
16	11	3	200	1	-120.6080622582	0.6103515625	503
16	10	3	201	1	-108.7922479461	0.6103515625	471
16	9	3	202	1	-90.3433959437	0.6103515625	393
16	8	3	203	1	-37.0011001143	0.6103515625	332
16	14	3	204	1	53.6533698568	0.6103515625	166
16	13	3	205	1	-44.1180003974	0.6103515625	336
16	12	3	206	1	-96.1477930224	0.6103515625	413
16	18	3	207	1	101.8138683853	0.6103515625	54
16	17	3	208	1	167.6627649941	0.6103515625	0.5
16	16	3	209	1	-44.5326822638	0.6103515625	313
16	15	3	210	1	42.5979289084	0.6103515625	174
16	21	3	211	1	134.0123528452	0.6103515625	0.5
16	20	3	212	1	73.2076346483	0.6103515625	105
16	19	3	213	1	1.9692491656	0.6103515625	208
16	25	3	214	1	-117.8441205237	0.6103515625	420
16	24	3	215	1	52.4787774849	0.6103515625	131
16	23	3	216	1	88.1322409704	0.6103515625	93
16	22	3	217	1	10.4681106542	0.6103515625	200
16	28	3	218	1	115.2869134698	0.6103515625	53
16	27	3	219	1	-72.6548703474	0.6103515625	361
16	26	3	220	1	-118.949894812	0.6103515625	421
16	32	3	221	1	51.0276958299	0.6103515625	148
16	31	3	222	1	-87.7176962125	0.6103515625	378
16	30	3	223	1	-113.3526800278	0.6103515625	410
16	29	3	224	1	-108.1016376884	0.6103515625	395
16	35	3	225	1	-43.8416556911	0.6103515625	301
16	34	3	226	1	-7.3587614559	0.6103515625	241
16	33	3	227	1	23.8727867871	0.6103515625	187
16	39	3	228	1	21.0398792634	0.6103515625	172
16	38	3	229	1	-158.4032063136	0.6103515625	483
16	37	3	230	1	26.705704324	0.6103515625	174
16	36	3	231	1	-39.2812628473	0.6103515625	285
16	42	3	232	1	6.253224068	0.6103515625	197
16	41	3	233	1	16.2722460354	0.6103515625	182
16	40	3	234	1	73.2767650648	0.6103515625	100
16	46	3	235	1	-48.9547863679	0.6103515625	298
16	45	3	236	1	-48.8856901192	0.6103515625	350
16	44	3	237	1	38.4521357139	0.6103515625	143
16	43	3	238	1	-25.876552207	0.6103515625	296
16	49	3	239	1	-131.9398053585	0.6103515625	439
16	48	3	240	1	0	0.6103515625	3956
16	47	3	241	1	-83.9175968549	0.6103515625	357
16	62	3	242	1	82.2593411008	0.6103515625	118
16	52	3	243	1	-91.587346007	0.6103515625	359
16	51	3	244	1	53.5843117489	0.6103515625	160
16	50	3	245	1	-11.6426990331	0.6103515625	249
16	59	3	246	1	-117.4296186985	0.6103515625	399
16	56	3	247	1	25.3238315006	0.6103515625	206
16	53	3	248	1	-238.6932893143	0.6103515625	624
16	63	3	249	1	54.7588789224	0.6103515625	201
16	60	3	250	1	74.3130831847	0.6103515625	115
16	57	3	251	1	-96.2859397111	0.6103515625	430
16	54	3	252	1	127.5177670851	0.6103515625	40
16	61	3	253	1	167.7316172462	0.6103515625	55
16	58	3	254	1	-192.7438373938	0.6103515625	732
16	55	3	255	1	66.6395079521	0.6103515625	2534
1	55	4	0	1	0	0.6103515625	7641
1	58	4	1	1	57.6550795949	0.6103515625	2306
1	61	4	2	1	18.7931973354	0.6103515625	1003
1	54	4	3	1	0	0.6103515625	0.5
1	57	4	4	1	0	0.6103515625	0.5
1	60	4	5	1	-9.8825307249	0.6103515625	898
1	63	4	6	1	-84.1191128265	0.6103515625	733
1	53	4	7	1	-319.9645383078	0.6103515625	822
1	56	4	8	1	-112.5304380683	0.6103515625	796
1	59	4	9	1	-211.8839587789	0.6103515625	939
1	50	4	10	1	-198.0190363405	0.6103515625	891
1	51	4	11	1	-21.668667687	0.6103515625	642
1	52	4	12	1	-30.462112078	0.6103515625	792
1	62	4	13	1	0	0.6103515625	0.5
1	47	4	14	1	0	0.6103515625	746
1	48	4	15	1	8.9510290728	0.6103515625	548
1	49	4	16	1	79.0708458122	0.6103515625	417
1	43	4	17	1	50.0561895976	0.6103515625	585
1	44	4	18	1	-12.6581546161	0.6103515625	677
1	45	4	19	1	-36.370593658	0.6103515625	645
1	46	4	20	1	-82.406998212	0.6103515625	710
1	40	4	21	1	-66.6644656887	0.6103515625	757
1	41	4	22	1	-26.2137233739	0.6103515625	665
1	42	4	23	1	-127.4174935467	0.6103515625	832
1	36	4	24	1	-34.6927462858	0.6103515625	693
1	37	4	25	1	-52.5607333046	0.6103515625	706
1	38	4	26	1	-35.9986558414	0.6103515625	703
1	39	4	27	1	47.3758066373	0.6103515625	590
1	33	4	28	1	141.7595645537	0.6103515625	0.5
1	34	4	29	1	-32.2464932705	0.6103515625	642
1	35	4	30	1	-39.6485031519	0.6103515625	694
1	29	4	31	1	0	0.6103515625	423
1	30	4	32	1	0	0.6103515625	595
1	31	4	33	1	-40.5250939115	0.6103515625	0.5
1	32	4	34	1	49.532572457	0.6103515625	572
1	26	4	35	1	0	0.6103515625	0.5
1	27	4	36	1	-63.2455578141	0.6103515625	666
1	28	4	37	1	-46.7343762653	0.6103515625	659
1	22	4	38	1	0	0.6103515625	551
1	23	4	39	1	8.6057071023	0.6103515625	565
1	24	4	40	1	0	0.6103515625	584
1	25	4	41	1	0	0.6103515625	569
1	19	4	42	1	-110.118309851	0.6103515625	777
1	20	4	43	1	23.1714587867	0.6103515625	545
1	21	4	44	1	0	0.6103515625	400
1	15	4	45	1	-94.4876005972	0.6103515625	760
1	16	4	46	1	77.2809012255	0.6103515625	0.5
1	17	4	47	1	-15.4599472036	0.6103515625	0.5
1	18	4	48	1	41.2339954751	0.6103515625	543
1	12	4	49	1	18.2983524295	0.6103515625	0.5
1	13	4	50	1	-39.2627670592	0.6103515625	690
1	14	4	51	1	7.3898760594	0.6103515625	592
1	8	4	52	1	4.5488864379	0.6103515625	699
1	9	4	53	1	-82.460683918	0.6103515625	754
1	10	4	54	1	37.7790854329	0.6103515625	572
1	11	4	55	1	-37.6850024825	0.6103515625	699
1	5	4	56	1	2.6850689858	0.6103515625	816
1	6	4	57	1	-60.2594012768	0.6103515625	697
1	7	4	58	1	-22.1695873816	0.6103515625	652
1	2	4	59	1	-12.3845106318	0.6103515625	593
1	3	4	60	1	-108.0080040555	0.6103515625	773
1	4	4	61	1	21.3647415515	0.6103515625	623
1	0	4	62	1	-106.9279164129	0.6103515625	760
1	1	4	63	1	-20.8235219764	0.6103515625	529
6	1	4	64	1	-0.0886233795	0.6103515625	1377
6	0	4	65	1	-121.0091818559	0.6103515625	991
6	4	4	66	1	-106.8667388096	0.6103515625	1014
6	3	4	67	1	5.6556743788	0.6103515625	890
6	2	4	68	1	-6.5009818838	0.6103515625	760
6	7	4	69	1	-13.2009478099	0.6103515625	873
6	6	4	70	1	-237.1249859226	0.6103515625	1249
6	5	4	71	1	-87.7823020533	0.6103515625	1012
6	11	4	72	1	-11.0659724945	0.6103515625	834
6	10	4	73	1	5.4153445705	0.6103515625	978
6	9	4	74	1	-7.008396531	0.6103515625	801
6	8	4	75	1	-82.5420068638	0.6103515625	955
6	14	4	76	1	-57.4429738453	0.6103515625	963
6	13	4	77	1	4.3282456756	0.6103515625	922
6	12	4	78	1	46.1454433454	0.6103515625	786
6	18	4	79	1	10.6517853132	0.6103515625	948
6	17	4	80	1	10.5158577258	0.6103515625	774
6	16	4	81	1	80.5376420865	0.6103515625	661
6	15	4	82	1	3.5213162201	0.6103515625	873
6	21	4	83	1	2.8058102847	0.6103515625	828
6	20	4	84	1	-56.5021107639	0.6103515625	889
6	19	4	85	1	-4.239276934	0.6103515625	700
6	25	4	86	1	-7.8755648605	0.6103515625	732
6	24	4	87	1	5.5625769547	0.6103515625	858
6	23	4	88	1	-115.2986895986	0.6103515625	985
6	22	4	89	1	32.7056639085	0.6103515625	721
6	28	4	90	1	45.059919578	0.6103515625	676
6	27	4	91	1	-0.8901625224	0.6103515625	806
6	26	4	92	1	45.21183188	0.6103515625	716
6	32	4	93	1	-5.8250195049	0.6103515625	908
6	31	4	94	1	0.7800330971	0.6103515625	890
6	30	4	95	1	11.9882351194	0.6103515625	1042
6	29	4	96	1	162.5443423369	0.6103515625	579
6	35	4	97	0	0	0.6103515625	901
6	34	4	98	1	-6.5606061965	0.6103515625	1145
6	33	4	99	1	-6.3683718569	0.6103515625	1105
6	39	4	100	1	-352.5326205743	0.6103515625	857
6	38	4	101	1	-591.0076850235	0.6103515625	1224
6	37	4	102	1	-67.5319005827	0.6103515625	943
6	36	4	103	1	16.2977733257	0.6103515625	1017
6	42	4	104	1	-91.2051683441	0.6103515625	960
6	41	4	105	1	22.741181272	0.6103515625	1110
6	40	4	106	1	-139.667051475	0.6103515625	1075
6	46	4	107	1	-302.1822898378	0.6103515625	771
6	45	4	108	1	-164.374915873	0.6103515625	1124
6	44	4	109	1	-365.8246706305	0.6103515625	870
6	43	4	110	0	0	0.6103515625	1040
6	49	4	111	1	-545.0438389449	0.6103515625	1132
6	48	4	112	1	-179.0598256864	0.6103515625	1205
6	47	4	113	1	-515.4454471398	0.6103515625	1116
6	62	4	114	1	-472.5797614209	0.6103515625	1059
6	52	4	115	1	-474.340490978	0.6103515625	1080
6	51	4	116	1	-201.6550279811	0.6103515625	1159
6	50	4	117	1	-359.8471966792	0.6103515625	870
6	59	4	118	1	40.7825679945	0.6103515625	786
6	56	4	119	1	-9.5739189779	0.6103515625	843
6	53	4	120	1	62.2023660563	0.6103515625	1106
6	63	4	121	1	-260.8341625588	0.6103515625	697
6	60	4	122	1	-456.1065512963	0.6103515625	1004
6	57	4	123	1	-440.6326585058	0.6103515625	978
6	54	4	124	1	-544.9811507889	0.6103515625	1227
6	61	4	125	1	-26.8933740704	0.6103515625	33000
6	58	4	126	1	0	0.6103515625	33000
6	55	4	127	1	0	0.6103515625	12403
4	55	4	128	1	75.4187336753	0.6103515625	91
4	58	4	129	1	-56.4863354819	0.6103515625	314
4	61	4	130	1	-55.6571790482	0.6103515625	317
4	54	4	131	1	17.9305064363	0.6103515625	190
4	57	4	132	1	46.0527805882	0.6103515625	136
4	60	4	133	1	47.2273611781	0.6103515625	147
4	63	4	134	1	134.1509685855	0.6103515625	0.5
4	53	4	135	1	26.7057496684	0.6103515625	160
4	56	4	136	1	18.3450989435	0.6103515625	174
4	59	4	137	1	-83.4338785875	0.6103515625	388
4	50	4	138	1	-130.0051289461	0.6103515625	426
4	51	4	139	1	-74.3131726095	0.6103515625	332
4	52	4	140	1	45.2926731663	0.6103515625	155
4	62	4	141	1	-78.7353228902	0.6103515625	379
4	47	4	142	1	21.1089614294	0.6103515625	178
4	48	4	143	1	-1.6928599408	0.6103515625	191
4	49	4	144	1	-34.651872958	0.6103515625	294
4	43	4	145	1	69.2691522641	0.6103515625	130
4	44	4	146	1	-115.7020920457	0.6103515625	409
4	45	4	147	1	-125.0297008726	0.6103515625	444
4	46	4	148	1	-170.2882122562	0.6103515625	509
4	40	4	149	1	-201.5192283864	0.6103515625	519
4	41	4	150	1	55.3807702438	0.6103515625	0.5
4	42	4	151	1	-88.6161939593	0.6103515625	348
4	36	4	152	1	-121.2992392193	0.6103515625	425
4	37	4	153	1	-172.0158282771	0.6103515625	521
4	38	4	154	1	-179.1322924792	0.6103515625	503
4	39	4	155	1	-82.8120223242	0.6103515625	359
4	33	4	156	1	-56.6936391628	0.6103515625	310
4	34	4	157	1	-37.0011099882	0.6103515625	264
4	35	4	158	1	-94.6963630989	0.6103515625	369
4	29	4	159	1	-152.392275553	0.6103515625	464
4	30	4	160	1	68.0254315406	0.6103515625	0.5
4	31	4	161	1	-38.2448633372	0.6103515625	0.5
4	32	4	162	1	-180.6525040639	0.6103515625	530
4	26	4	163	1	15.0975249148	0.6103515625	196
4	27	4	164	1	-87.9251988198	0.6103515625	372
4	28	4	165	1	-151.3552508321	0.6103515625	0.5
4	22	4	166	1	-142.0968434647	0.6103515625	441
4	23	4	167	1	-2.1765360949	0.6103515625	0.5
4	24	4	168	1	-73.9676858047	0.6103515625	372
4	25	4	169	1	-91.7258164245	0.6103515625	376
4	19	4	170	1	-34.4445794667	0.6103515625	282
4	20	4	171	1	-119.8478586323	0.6103515625	375
4	21	4	172	1	-55.6571683728	0.6103515625	282
4	15	4	173	1	-98.7043231846	0.6103515625	389
4	16	4	174	1	-103.8170342425	0.6103515625	406
4	17	4	175	1	-31.8189079188	0.6103515625	290
4	18	4	176	1	-200.4142771607	0.6103515625	0.5
4	12	4	177	1	-25.5310634867	0.6103515625	269
4	13	4	178	1	-57.9373570496	0.6103515625	317
4	14	4	179	1	-155.3632405924	0.6103515625	459
4	8	4	180	1	-33.6153820122	0.6103515625	268
4	9	4	181	1	-24.5638138296	0.6103515625	262
4	10	4	182	1	9.5698471146	0.6103515625	205
4	11	4	183	1	-44.8781282202	0.6103515625	302
4	5	4	184	1	-77.215232887	0.6103515625	356
4	6	4	185	1	-48.7475349487	0.6103515625	303
4	7	4	186	1	25.2547228591	0.6103515625	177
4	2	4	187	1	-124.1312958394	0.6103515625	427
4	3	4	188	1	-21.2471206302	0.6103515625	254
4	4	4	189	1	-77.9753751655	0.6103515625	344
4	0	4	190	1	8.9607317204	0.6103515625	327
4	1	4	191	1	-8.5279076722	0.6103515625	439
7	1	4	192	1	-183.3223600221	0.6103515625	917
7	0	4	193	1	0	0.6103515625	3363
7	4	4	194	1	96.0785727274	0.6103515625	134
7	3	4	195	1	-31.7497793448	0.6103515625	297
7	2	4	196	1	-49.3002295193	0.6103515625	313
7	7	4	197	1	-150.1117657905	0.6103515625	465
7	6	4	198	1	-96.7692165119	0.6103515625	360
7	5	4	199	1	24.2182641688	0.6103515625	151
7	11	4	200	1	27.3967062539	0.6103515625	163
7	10	4	201	1	-120.5386618774	0.6103515625	395
7	9	4	202	1	34.9282193934	0.6103515625	143
7	8	4	203	1	49.3693363674	0.6103515625	107
7	14	4	204	1	-103.195148842	0.6103515625	378
7	13	4	205	1	-49.7839320738	0.6103515625	294
7	12	4	206	1	-96.1476014109	0.6103515625	345
7	18	4	207	1	25.3929197764	0.6103515625	184
7	17	4	208	1	-10.8135492355	0.6103515625	228
7	16	4	209	1	29.0550369807	0.6103515625	178
7	15	4	210	1	19.7270043384	0.6103515625	179
7	21	4	211	1	-0.1036448156	0.6103515625	218
7	20	4	212	1	-288.9265047957	0.6103515625	675
7	19	4	213	1	-100.6392402648	0.6103515625	393
7	25	4	214	1	-206.1489407604	0.6103515625	540
7	24	4	215	1	-79.9791714929	0.6103515625	0.5
7	23	4	216	1	-151.5632264989	0.6103515625	463
7	22	4	217	1	-143.4094863843	0.6103515625	460
7	28	4	218	1	16.4794426456	0.6103515625	189
7	27	4	219	1	35.4810245587	0.6103515625	161
7	26	4	220	1	-131.0416458787	0.6103515625	428
7	32	4	221	1	-108.8616900377	0.6103515625	389
7	31	4	222	1	39.5577072155	0.6103515625	162
7	30	4	223	1	-71.20380212	0.6103515625	339
7	29	4	224	1	-33.8917987608	0.6103515625	276
7	35	4	225	1	-96.0782121596	0.6103515625	355
7	34	4	226	1	-70.5819385451	0.6103515625	326
7	33	4	227	1	65.6070441719	0.6103515625	115
7	39	4	228	1	-127.8630702496	0.6103515625	432
7	38	4	229	1	-42.3906566211	0.6103515625	273
7	37	4	230	1	8.2570074139	0.6103515625	200
7	36	4	231	1	-71.6183972104	0.6103515625	339
7	42	4	232	1	42.8743282844	0.6103515625	160
7	41	4	233	1	-85.7835245375	0.6103515625	365
7	40	4	234	1	-72.2402836805	0.6103515625	316
7	46	4	235	1	-280.9110978797	0.6103515625	681
7	45	4	236	1	-53.3078537605	0.6103515625	322
7	44	4	237	1	-31.7497808022	0.6103515625	264
7	43	4	238	1	-108.5849293816	0.6103515625	394
7	49	4	239	1	-40.3868558239	0.6103515625	279
7	48	4	240	1	0	0.6103515625	3866
7	47	4	241	1	47.158342635	0.6103515625	149
7	62	4	242	1	-47.9874204619	0.6103515625	286
7	52	4	243	1	-147.9005655203	0.6103515625	443
7	51	4	244	1	56.0026459132	0.6103515625	108
7	50	4	245	1	-47.7801741469	0.6103515625	298
7	59	4	246	1	-88.6158648511	0.6103515625	350
7	56	4	247	1	-247.2613807096	0.6103515625	607
7	53	4	248	1	-24.7019291883	0.6103515625	245
7	63	4	249	1	-142.3731584179	0.6103515625	480
7	60	4	250	1	-132.7692059324	0.6103515625	455
7	57	4	251	1	-33.6844630595	0.6103515625	269
7	54	4	252	1	-158.5414995223	0.6103515625	473
7	61	4	253	1	-121.7130841493	0.6103515625	470
7	58	4	254	1	-114.1127432521	0.6103515625	510
7	55	4	255	1	44.0396237686	0.6103515625	1975
2	55	5	0	1	0	0.6103515625	11904
2	58	5	1	1	0	0.6103515625	3228
2	61	5	2	1	-584.5121245707	0.6103515625	1387
2	54	5	3	1	-87.2176002023	0.6103515625	858
2	57	5	4	1	-202.3182256332	0.6103515625	948
2	60	5	5	1	-124.1444822967	0.6103515625	622
2	63	5	6	1	-10.696987145	0.6103515625	396
2	53	5	7	1	17.7294132789	0.6103515625	455
2	56	5	8	1	147.6380543016	0.6103515625	848
2	59	5	9	1	2.5605577699	0.6103515625	515
2	50	5	10	1	-5.8653269297	0.6103515625	300
2	51	5	11	1	20.939144703	0.6103515625	365
2	52	5	12	1	13.4106849139	0.6103515625	418
2	62	5	13	1	-89.7408615896	0.6103515625	533
2	47	5	14	1	-149.0753549641	0.6103515625	560
2	48	5	15	1	-160.3426101698	0.6103515625	702
2	49	5	16	1	133.3023991683	0.6103515625	137
2	43	5	17	1	22.6802686956	0.6103515625	347
2	44	5	18	1	-127.3104800762	0.6103515625	602
2	45	5	19	1	-184.1761335375	0.6103515625	572
2	46	5	20	1	-64.4324360949	0.6103515625	392
2	40	5	21	1	-46.2918954764	0.6103515625	477
2	41	5	22	1	-150.1248538341	0.6103515625	667
2	42	5	23	1	35.310411597	0.6103515625	404
2	36	5	24	1	38.3853488213	0.6103515625	564
2	37	5	25	1	-69.2691267991	0.6103515625	507
2	38	5	26	1	-154.0107035996	0.6103515625	640
2	39	5	27	1	-171.39360101	0.6103515625	578
2	33	5	28	1	-147.3574474869	0.6103515625	611
2	34	5	29	1	-80.8769889655	0.6103515625	491
2	35	5	30	1	-194.3712799272	0.6103515625	743
2	29	5	31	1	22.9054679649	0.6103515625	0.5
2	30	5	32	1	-10.8135981583	0.6103515625	0.5
2	31	5	33	1	-33.7536225059	0.6103515625	0.5
2	32	5	34	1	-258.1093626552	0.6103515625	0.5
2	26	5	35	1	-8.809785436	0.6103515625	254
2	27	5	36	1	-31.9570886012	0.6103515625	403
2	28	5	37	1	79.979106118	0.6103515625	0.5
2	22	5	38	1	-7.0132874727	0.6103515625	0.5
2	23	5	39	1	26.2911573599	0.6103515625	141
2	24	5	40	1	-4.1112370324	0.6103515625	0.5
2	25	5	41	1	120.2621351001	0.6103515625	0.5
2	19	5	42	1	-60.2866381344	0.6103515625	0.5
2	20	5	43	1	-32.0262149199	0.6103515625	0.5
2	21	5	44	1	138.3658355606	0.6103515625	101
2	15	5	45	1	67.3345055007	0.6103515625	222
2	16	5	46	1	-16.8249205097	0.6103515625	390
2	17	5	47	1	29.1931997458	0.6103515625	0.5
2	18	5	48	1	19.2433798311	0.6103515625	0.5
2	12	5	49	1	33.8853976705	0.6103515625	372
2	13	5	50	1	-132.9068507733	0.6103515625	549
2	14	5	51	1	45.4999649216	0.6103515625	163
2	8	5	52	1	-51.6025922224	0.6103515625	666
2	9	5	53	0	0	0.6103515625	0.5
2	10	5	54	0	0	0.6103515625	494
2	11	5	55	1	-67.1459989193	0.6103515625	523
2	5	5	56	1	-42.9433675457	0.6103515625	515
2	6	5	57	1	-16.6176665463	0.6103515625	371
2	7	5	58	1	-236.3438399775	0.6103515625	819
2	2	5	59	1	65.0790147278	0.6103515625	287
2	3	5	60	1	-30.0914827924	0.6103515625	434
2	4	5	61	1	-51.7534225495	0.6103515625	508
2	0	5	62	1	-140.577063198	0.6103515625	580
2	1	5	63	1	-81.3554194672	0.6103515625	837
5	1	5	64	1	67.2930905581	0.6103515625	33000
5	0	5	65	1	-117.3318162809	0.6103515625	962
5	4	5	66	1	-135.6789877767	0.6103515625	1005
5	3	5	67	1	51.4432242252	0.6103515625	727
5	2	5	68	1	-70.3472941841	0.6103515625	915
5	7	5	69	1	-58.0126447944	0.6103515625	873
5	6	5	70	1	-55.2862599825	0.6103515625	915
5	5	5	71	1	-72.1017105219	0.6103515625	963
5	11	5	72	1	-28.3849662587	0.6103515625	837
5	10	5	73	1	-14.5471482701	0.6103515625	826
5	9	5	74	1	-7.6860918858	0.6103515625	853
5	8	5	75	1	-115.789634289	0.6103515625	968
5	14	5	76	1	-50.1839395737	0.6103515625	886
5	13	5	77	1	-71.0203824882	0.6103515625	871
5	12	5	78	1	-34.9709764759	0.6103515625	784
5	18	5	79	1	-261.0811854998	0.6103515625	33000
5	17	5	80	1	-68.2499397623	0.6103515625	760
5	16	5	81	1	-185.5048345193	0.6103515625	995
5	15	5	82	1	47.6652956879	0.6103515625	705
5	21	5	83	1	-145.3265879326	0.6103515625	929
5	20	5	84	1	-0.3546312717	0.6103515625	674
5	19	5	85	1	-21.4741938321	0.6103515625	687
5	25	5	86	1	28.3342887574	0.6103515625	722
5	24	5	87	1	-13.46127401	0.6103515625	556
5	23	5	88	1	-184.4151442278	0.6103515625	1029
5	22	5	89	1	13.8353085968	0.6103515625	830
5	28	5	90	1	3.0903609713	0.6103515625	752
5	27	5	91	1	38.8644946424	0.6103515625	897
5	26	5	92	1	-28.7838357089	0.6103515625	737
5	32	5	93	1	48.5628053476	0.6103515625	33000
5	31	5	94	1	-68.1109015308	0.6103515625	832
5	30	5	95	1	-2.8503647705	0.6103515625	824
5	29	5	96	1	-161.3785351638	0.6103515625	1096
5	35	5	97	1	-11.6620490789	0.6103515625	586
5	34	5	98	1	112.7000394188	0.6103515625	608
5	33	5	99	1	-20.536326141	0.6103515625	510
5	39	5	100	1	-69.0083502818	0.6103515625	939
5	38	5	101	1	-2.0183364533	0.6103515625	763
5	37	5	102	1	29.5284627293	0.6103515625	804
5	36	5	103	1	-0.011739226	0.6103515625	716
5	42	5	104	1	81.8329517509	0.6103515625	33000
5	41	5	105	1	-22.5068187296	0.6103515625	512
5	40	5	106	1	136.8585032715	0.6103515625	552
5	46	5	107	1	-27.8204476015	0.6103515625	781
5	45	5	108	1	60.3235086662	0.6103515625	660
5	44	5	109	1	-1.2905935307	0.6103515625	740
5	43	5	110	1	-52.4709678882	0.6103515625	868
5	49	5	111	1	-8.3795302765	0.6103515625	598
5	48	5	112	1	-17.2331658451	0.6103515625	690
5	47	5	113	1	-12.517530201	0.6103515625	587
5	62	5	114	1	63.4500028375	0.6103515625	643
5	52	5	115	1	-11.7414271885	0.6103515625	33000
5	51	5	116	1	27.2487345801	0.6103515625	33000
5	50	5	117	1	16.2937315424	0.6103515625	796
5	59	5	118	1	-5.6969781504	0.6103515625	884
5	56	5	119	1	157.1144904374	0.6103515625	966
5	53	5	120	1	-11.142405993	0.6103515625	860
5	63	5	121	1	-192.731113953	0.6103515625	1120
5	60	5	122	1	11.0977348735	0.6103515625	1041
5	57	5	123	1	-4.1343784678	0.6103515625	1165
5	54	5	124	1	22.4690452683	0.6103515625	1550
5	61	5	125	1	32.5176836806	0.6103515625	2023
5	58	5	126	1	0	0.6103515625	3850
5	55	5	127	1	0	0.6103515625	13221
3	55	5	128	1	-184.6601478753	0.6103515625	498
3	58	5	129	1	4.0421348824	0.6103515625	170
3	61	5	130	1	-80.600949849	0.6103515625	0.5
3	54	5	131	1	-32.0261755909	0.6103515625	213
3	57	5	132	1	9.9844205512	0.6103515625	151
3	60	5	133	1	-13.02463577	0.6103515625	0.5
3	63	5	134	1	-60.4247544782	0.6103515625	315
3	53	5	135	1	8.0497334504	0.6103515625	119
3	56	5	136	1	-142.0273754794	0.6103515625	425
3	59	5	137	1	-89.376425907	0.6103515625	0.5
3	50	5	138	1	-38.1066504699	0.6103515625	216
3	51	5	139	1	-71.2729915977	0.6103515625	0.5
3	52	5	140	1	2.8674994669	0.6103515625	0.5
3	62	5	141	1	112.0397932576	0.6103515625	0.5
3	47	5	142	1	-102.7118559391	0.6103515625	378
3	48	5	143	1	-96.0091831824	0.6103515625	356
3	49	5	144	1	95.9407613385	0.6103515625	0.5
3	43	5	145	1	-196.9593332738	0.6103515625	0.5
3	44	5	146	1	94.8345007887	0.6103515625	63
3	45	5	147	1	77.0078050089	0.6103515625	10
3	46	5	148	1	-34.7899852179	0.6103515625	232
3	40	5	149	1	-15.9957738345	0.6103515625	218
3	41	5	150	1	-88.6850136741	0.6103515625	331
3	42	5	151	1	-94.2131655638	0.6103515625	287
3	36	5	152	1	26.8439541698	0.6103515625	153
3	37	5	153	1	-105.1302760791	0.6103515625	316
3	38	5	154	1	-78.5280324924	0.6103515625	269
3	39	5	155	1	-216.9973178833	0.6103515625	515
3	33	5	156	1	-253.6316445095	0.6103515625	433
3	34	5	157	1	-81.6373970524	0.6103515625	388
3	35	5	158	1	-49.3003001187	0.6103515625	302
3	29	5	159	1	-2.2456317302	0.6103515625	0.5
3	30	5	160	1	-44.0060875981	0.6103515625	0.5
3	31	5	161	1	-49.9912368052	0.6103515625	0.5
3	32	5	162	1	28.7095998693	0.6103515625	159
3	26	5	163	1	-62.9814267705	0.6103515625	309
3	27	5	164	1	-94.0749567812	0.6103515625	0.5
3	28	5	165	1	146.7949797154	0.6103515625	0.5
3	22	5	166	1	-88.2706936563	0.6103515625	256
3	23	5	167	1	183.7622007558	0.6103515625	0.5
3	24	5	168	1	-18.2760055464	0.6103515625	233
3	25	5	169	1	106.5121053121	0.6103515625	2
3	19	5	170	1	16.1340163704	0.6103515625	0.5
3	20	5	171	1	-27.673135854	0.6103515625	200
3	21	5	172	1	-60.6320662657	0.6103515625	285
3	15	5	173	1	53.7224571234	0.6103515625	94
3	16	5	174	1	112.5231562311	0.6103515625	0.5
3	17	5	175	1	49.714899093	0.6103515625	115
3	18	5	176	1	-10.191689224	0.6103515625	189
3	12	5	177	1	6.6678011874	0.6103515625	170
3	13	5	178	1	41.2159526668	0.6103515625	76
3	14	5	179	1	-75.0732032399	0.6103515625	0.5
3	8	5	180	1	-46.8819073777	0.6103515625	274
3	9	5	181	1	39.0739978346	0.6103515625	117
3	10	5	182	1	22.6290420783	0.6103515625	150
3	11	5	183	1	-189.49713403	0.6103515625	504
3	5	5	184	1	-69.545540075	0.6103515625	322
3	6	5	185	1	12.0573143791	0.6103515625	161
3	7	5	186	1	106.3047893867	0.6103515625	16
3	2	5	187	1	24.1491970929	0.6103515625	156
3	3	5	188	1	-90.0668676229	0.6103515625	348
3	4	5	189	1	-3.6275599038	0.6103515625	196
3	0	5	190	1	0	0.6103515625	4235
3	1	5	191	1	98.7240062151	0.6103515625	220
8	1	5	192	0	0	0.6103515625	0.5
8	0	5	193	1	0	0.6103515625	3345
8	4	5	194	1	-181.9554802355	0.6103515625	656
8	3	5	195	1	-57.3846202569	0.6103515625	389
8	2	5	196	1	-109.4138896234	0.6103515625	466
8	7	5	197	1	-46.6128139735	0.6103515625	383
8	6	5	198	1	-52.6860510107	0.6103515625	350
8	5	5	199	1	68.7164260772	0.6103515625	153
8	11	5	200	1	-87.1649457419	0.6103515625	391
8	10	5	201	1	20.2797976397	0.6103515625	206
8	9	5	202	1	-3.6966599275	0.6103515625	237
8	8	5	203	1	-89.9981843952	0.6103515625	381
8	14	5	204	1	-39.626803567	0.6103515625	347
8	13	5	205	1	-212.5747056564	0.6103515625	566
8	12	5	206	1	0.3800299404	0.6103515625	219
8	18	5	207	1	-45.0162806509	0.6103515625	338
8	17	5	208	1	-158.541421719	0.6103515625	504
8	16	5	209	1	-9.9844180396	0.6103515625	272
8	15	5	210	1	-131.7320342311	0.6103515625	431
8	21	5	211	1	-23.0436771901	0.6103515625	302
8	20	5	212	1	62.7741741478	0.6103515625	138
8	19	5	213	1	-172.360902112	0.6103515625	536
8	25	5	214	1	25.3238718666	0.6103515625	207
8	24	5	215	1	63.5340799388	0.6103515625	146
8	23	5	216	1	178.8564505217	0.6103515625	0.5
8	22	5	217	1	250.514285967	0.6103515625	0.5
8	28	5	218	1	-38.452104772	0.6103515625	320
8	27	5	219	1	-132.9758246024	0.6103515625	472
8	26	5	220	1	-148.7298461633	0.6103515625	472
8	32	5	221	1	150.0425125288	0.6103515625	0.5
8	31	5	222	1	-58.6973994098	0.6103515625	349
8	30	5	223	1	-85.0674397602	0.6103515625	232
8	29	5	224	1	11.2281597993	0.6103515625	244
8	35	5	225	1	-55.5880326991	0.6103515625	320
8	34	5	226	1	34.1681636674	0.6103515625	219
8	33	5	227	1	-520.5257291782	0.6103515625	172
8	39	5	228	1	-73.2766870309	0.6103515625	392
8	38	5	229	1	203.9376723324	0.6103515625	0.5
8	37	5	230	1	-136.1542264705	0.6103515625	445
8	36	5	231	1	13.57748406	0.6103515625	223
8	42	5	232	1	-19.8652277785	0.6103515625	257
8	41	5	233	1	-190.1878437274	0.6103515625	538
8	40	5	234	1	-84.539202199	0.6103515625	363
8	46	5	235	1	31.0588283546	0.6103515625	195
8	45	5	236	1	-189.8425837025	0.6103515625	533
8	44	5	237	1	69.9600657206	0.6103515625	114
8	43	5	238	1	42.5979638149	0.6103515625	156
8	49	5	239	1	-69.2000900427	0.6103515625	363
8	48	5	240	1	0	0.6103515625	3401
8	47	5	241	1	-13.7847081827	0.6103515625	272
8	62	5	242	1	-9.5007421715	0.6103515625	278
8	52	5	243	1	62.4977117459	0.6103515625	129
8	51	5	244	1	-21.1780069666	0.6103515625	280
8	50	5	245	1	-66.4361662454	0.6103515625	349
8	59	5	246	1	47.0201428839	0.6103515625	157
8	56	5	247	1	54.1369887604	0.6103515625	146
8	53	5	248	1	-109.9666192937	0.6103515625	417
8	63	5	249	1	10.1916783466	0.6103515625	227
8	60	5	250	1	167.5451513061	0.6103515625	0.5
8	57	5	251	1	14.130172439	0.6103515625	216
8	54	5	252	1	0.8637036285	0.6103515625	242
8	61	5	253	1	238.0711942771	0.6103515625	0.5
8	58	5	254	1	109.4139071931	0.6103515625	196
8	55	5	255	1	-37.5208637528	0.6103515625	1439

