
(0: 1)  (1: 0)  (2: 4)  (3: 3)  (4: 2)  (5: 7)  (6: 6)  (7: 5)  (8: 11)  (9: 10)  (10: 9)  (11: 8)  (12: 14)  (13: 13)  (14: 12)  (15: 18)  (16: 17)  (17: 16)  (18: 15)  (19: 21)  (20: 20)  (21: 19)  (22: 25)  (23: 24)  (24: 23)  (25: 22)  (26: 28)  (27: 27)  (28: 26)  (29: 32)  (30: 31)  (31: 30)  (32: 29)  (33: 35)  (34: 34)  (35: 33)  (36: 39)  (37: 38)  (38: 37)  (39: 36)  (40: 42)  (41: 41)  (42: 40)  (43: 46)  (44: 45)  (45: 44)  (46: 43)  (47: 49)  (48: 48)  (49: 47)  (50: 62)  (51: 52)  (52: 51)  (53: 50)  (54: 59)  (55: 56)  (56: 53)  (57: 63)  (58: 60)  (59: 57)  (60: 54)  (61: 61)  (62: 58)  (63: 55)  

, 1, 0, 4, 3, 2, 7, 6, 5, 11, 10, 9, 8, 14, 13, 12, 18
, 17, 16, 15, 21, 20, 19, 25, 24, 23, 22, 28, 27, 26, 32, 31, 30
, 29, 35, 34, 33, 39, 38, 37, 36, 42, 41, 40, 46, 45, 44, 43, 49
, 48, 47, 62, 52, 51, 50, 59, 56, 53, 63, 60, 57, 54, 61, 58, 55

1
0
4
3
2
7
6
5
11
10
9
8
14
13
12
18
17
16
15
21
20
19
25
24
23
22
28
27
26
32
31
30
29
35
34
33
39
38
37
36
42
41
40
46
45
44
43
49
48
47
62
52
51
50
59
56
53
63
60
57
54
61
58
55


55
58
61
54
57
60
63
53
56
59
50
51
52
62
47
48
49
43
44
45
46
40
41
42
36
37
38
39
33
34
35
29
30
31
32
26
27
28
22
23
24
25
19
20
21
15
16
17
18
12
13
14
8
9
10
11
5
6
7
2
3
4
0
1
  1  0  4  3  2  7  6  5 11 10  9  8 14 13 12 18 17 16 15 21 20 19 25 24 23 22 28 27 26 32 31 30 29 35 34 33 39 38 37 36 42 41 40 46 45 44 43 49 48 47 62 52 51 50 59 56 53 63 60 57 54 61 58 55

 55 58 61 54 57 60 63 53 56 59 50 51 52 62 47 48 49 43 44 45 46 40 41 42 36 37 38 39 33 34 35 29 30 31 32 26 27 28 22 23 24 25 19 20 21 15 16 17 18 12 13 14  8  9 10 11  5  6  7  2  3  4  0  1



 NEW order array )inverse indexes)
1, 0, 4, 3, 2, 7, 6, 5, 11, 10, 9, 8, 14, 13, 12, 18, 
17, 16, 15, 21, 20, 19, 25, 24, 23, 22, 28, 27, 26, 32, 31, 30, 
29, 35, 34, 33, 39, 38, 37, 36, 42, 41, 40, 46, 45, 44, 43, 49, 
48, 47, 53, 52, 51, 56, 60, 63, 55, 59, 62, 54, 58, 61, 50, 57, 

